                   r             Lagrange              Neville       Neville greska               Spline     Neville - Spline 

       +2.810000e+00        +2.383198e+02        +2.383209e+02        -1.004441e-03        +2.382151e+02        +1.057518e-01
       +2.910143e+00        +1.670099e+02        +1.670099e+02        -2.818567e-06        +1.670099e+02        +3.460489e-06
       +3.010286e+00        +1.149860e+02        +1.149856e+02        +4.478423e-04        +1.148429e+02        +1.426370e-01
       +3.110429e+00        +7.734575e+01        +7.734551e+01        +2.312515e-04        +7.724341e+01        +1.020913e-01
       +3.210571e+00        +5.037263e+01        +5.037273e+01        -9.575736e-05        +5.037778e+01        -5.044106e-03
       +3.310714e+00        +3.126158e+01        +3.126175e+01        -1.673933e-04        +3.121362e+01        +4.812793e-02
       +3.410857e+00        +1.790377e+01        +1.790382e+01        -4.096335e-05        +1.789220e+01        +1.161656e-02
       +3.511000e+00        +8.722266e+00        +8.722199e+00        +6.800068e-05        +8.705835e+00        +1.636397e-02
       +3.611143e+00        +2.546159e+00        +2.546099e+00        +6.130788e-05        +2.517097e+00        +2.900185e-02
       +3.711286e+00        -1.487016e+00        -1.487011e+00        -4.410576e-06        -1.486141e+00        -8.707368e-04
       +3.811429e+00        -4.007902e+00        -4.007864e+00        -3.950203e-05        -4.017251e+00        +9.387173e-03
       +3.911571e+00        -5.474893e+00        -5.474874e+00        -2.068791e-05        -5.481710e+00        +6.836424e-03
       +4.011714e+00        -6.219379e+00        -6.219391e+00        +1.299064e-05        -6.220056e+00        +6.650726e-04
       +4.111857e+00        -6.479293e+00        -6.479313e+00        +2.176428e-05        -6.485282e+00        +5.969521e-03
       +4.212000e+00        -6.423765e+00        -6.423769e+00        +4.620451e-06        -6.424782e+00        +1.012753e-03
       +4.312143e+00        -6.171429e+00        -6.171418e+00        -1.256993e-05        -6.172418e+00        +9.999364e-04
       +4.412286e+00        -5.804253e+00        -5.804243e+00        -1.149633e-05        -5.806157e+00        +1.913428e-03
       +4.512429e+00        -5.377988e+00        -5.377990e+00        +2.022577e-06        -5.377898e+00        -9.196281e-05
       +4.612571e+00        -4.929908e+00        -4.929917e+00        +1.036065e-05        -4.930687e+00        +7.700605e-04
       +4.712714e+00        -4.484333e+00        -4.484338e+00        +5.363147e-06        -4.484788e+00        +4.507617e-04
       +4.812857e+00        -4.056477e+00        -4.056473e+00        -4.973602e-06        -4.056498e+00        +2.454134e-05
       +4.913000e+00        -3.655156e+00        -3.655150e+00        -8.090098e-06        -3.655482e+00        +3.323100e-04
       +5.013143e+00        -3.284776e+00        -3.284775e+00        -1.305933e-06        -3.284816e+00        +4.075327e-05
       +5.113286e+00        -2.946828e+00        -2.946832e+00        +6.482257e-06        -2.946828e+00        -4.765445e-06
       +5.213429e+00        -2.640993e+00        -2.640998e+00        +5.970668e-06        -2.641036e+00        +3.830068e-05
       +5.313571e+00        -2.365899e+00        -2.365897e+00        -1.897793e-06        -2.365895e+00        -2.355895e-06
       +5.413714e+00        -2.119571e+00        -2.119566e+00        -7.440885e-06        -2.119588e+00        +2.170632e-05
       +5.513857e+00        -1.899716e+00        -1.899714e+00        -3.722878e-06        -1.899731e+00        +1.670147e-05
       +5.614000e+00        -1.703898e+00        -1.703901e+00        +5.077053e-06        -1.703872e+00        -2.960006e-05
       +5.714143e+00        -1.529685e+00        -1.529691e+00        +8.121025e-06        -1.529648e+00        -4.269510e-05
       +5.814286e+00        -1.374772e+00        -1.374772e+00        +7.235466e-07        -1.374771e+00        -1.622440e-06
       +5.914429e+00        -1.237037e+00        -1.237032e+00        -8.961937e-06        -1.237025e+00        -6.615450e-06
       +6.014571e+00        -1.114564e+00        -1.114559e+00        -8.292414e-06        -1.114554e+00        -4.262528e-06
       +6.114714e+00        -1.005618e+00        -1.005621e+00        +4.255369e-06        -1.005613e+00        -7.727592e-06
       +6.214857e+00        -9.086360e-01        -9.086446e-01        +1.435594e-05        -9.086077e-01        -3.688472e-05
       +6.315000e+00        -8.222179e-01        -8.222219e-01        +6.777630e-06        -8.222089e-01        -1.294369e-05
       +6.415143e+00        -7.451291e-01        -7.451213e-01        -1.381532e-05        -7.451302e-01        +8.879291e-06
       +6.515286e+00        -6.762835e-01        -6.762713e-01        -2.203949e-05        -6.762833e-01        +1.208173e-05
       +6.615429e+00        -6.147148e-01        -6.147149e-01        +2.469436e-07        -6.147147e-01        -2.705564e-07
       +6.715571e+00        -5.595564e-01        -5.595741e-01        +3.376492e-05        -5.595250e-01        -4.910638e-05
       +6.815714e+00        -5.100456e-01        -5.100617e-01        +3.143891e-05        -5.100197e-01        -4.198973e-05
       +6.915857e+00        -4.655416e-01        -4.655293e-01        -2.482785e-05        -4.655553e-01        +2.598865e-05
       +7.016000e+00        -4.255193e-01        -4.254821e-01        -7.721285e-05        -4.255544e-01        +7.233155e-05
       +7.116143e+00        -3.895185e-01        -3.895030e-01        -3.334538e-05        -3.895340e-01        +3.104277e-05
       +7.216286e+00        -3.570795e-01        -3.571274e-01        +1.059539e-04        -3.570273e-01        -1.001481e-04
       +7.316429e+00        -3.277340e-01        -3.278092e-01        +1.716652e-04        -3.276568e-01        -1.523943e-04
       +7.416571e+00        -3.010844e-01        -3.010733e-01        -2.611135e-05        -3.010946e-01        +2.127379e-05
       +7.516714e+00        -2.768955e-01        -2.767422e-01        -3.749178e-04        -2.770255e-01        +2.832652e-04
       +7.616857e+00        -2.550611e-01        -2.549216e-01        -3.540084e-04        -2.551734e-01        +2.517805e-04
       +7.717000e+00        -2.353972e-01        -2.355587e-01        +4.255244e-04        -2.352716e-01        -2.871091e-04
       +7.817143e+00        -2.174521e-01        -2.179224e-01        +1.288898e-03        -2.171102e-01        -8.122319e-04
       +7.917286e+00        -2.006603e-01        -2.008304e-01        +4.853369e-04        -2.005461e-01        -2.842513e-04
       +8.017429e+00        -1.848976e-01        -1.840193e-01        -2.616446e-03        -1.854434e-01        +1.424072e-03
       +8.117571e+00        -1.708709e-01        -1.694493e-01        -4.427744e-03        -1.716918e-01        +2.242457e-03
       +8.217714e+00        -1.594545e-01        -1.599432e-01        +1.594580e-03        -1.591925e-01        -7.507362e-04
       +8.317857e+00        -1.499538e-01        -1.542155e-01        +1.460198e-02        -1.478249e-01        -6.390611e-03
       +8.418000e+00        -1.392544e-01        -1.432111e-01        +1.427123e-02        -1.374124e-01        -5.798646e-03
       +8.518143e+00        -1.247307e-01        -1.177031e-01        -2.675720e-02        -1.277745e-01        +1.007147e-02
       +8.618286e+00        -1.104184e-01        -8.957014e-02        -8.405260e-02        -1.188293e-01        +2.925912e-02
       +8.718429e+00        -1.083861e-01        -1.025089e-01        -2.517710e-02        -1.105904e-01        +8.081468e-03
       +8.818571e+00        -1.240455e-01        -1.843671e-01        +2.756585e-01        -1.030637e-01        -8.130345e-02
       +8.918714e+00        -1.300020e-01        -2.351216e-01        +5.147325e-01        -9.618411e-02        -1.389375e-01
       +9.018857e+00        -6.943895e-02        -5.736883e-04        -3.631824e-01        -8.986078e-02        +8.928710e-02
       +9.119000e+00        +5.531705e-02        +5.669501e-01        -2.923440e+00        -8.401069e-02        +6.509608e-01
       +9.219143e+00        +4.678888e-02        +5.502613e-01        -3.138757e+00        -7.856726e-02        +6.288285e-01
       +9.319286e+00        -4.053197e-01        -1.870473e+00        +1.004910e+01        -7.346952e-02        -1.797003e+00
       +9.419429e+00        -1.058017e+00        -5.888324e+00        +3.681809e+01        -6.871246e-02        -5.819612e+00
       +9.519571e+00        -2.086908e-01        -9.936706e-01        +6.732924e+00        -6.433578e-02        -9.293348e-01
       +9.619714e+00        +4.150114e+00        +2.986951e+01        -2.521938e+02        -6.036078e-02        +2.992987e+01
       +9.719857e+00        +7.679439e+00        +6.132486e+01        -6.139532e+02        -5.671570e-02        +6.138158e+01
       +9.820000e+00        -8.667137e+00        -7.737799e+01        +9.442004e+02        -5.330193e-02        -7.732468e+01